%% Sinus 10 - 100 - MAX

h_reversedOrder_10_inc = [.0923453;
        .07678;
        .0589315;
        .0393252;
        .018549;
        -.00277988;
        -.0240257;
        -.0445553;
        -.0637597;
        -.0810667];

h_reversedOrder_100_inc = [.000175724;
        .000238775;
        -7.34763e-5;
        -7.06531e-6;
        4.52556e-5;
        .000641336;
        .0009168;
        .000130659;
        .000226976;
        .00018219;
        .000154071;
        -1.64834e-5;
        4.38224e-5;
        .000102962;
        2.69417e-5;
        -1.55619e-5;
        -8.09582e-5;
        -2.52241e-5;
        -5.73278e-6;
        -7.96808e-5;
        -.000183605;
        -.000171148;
        -.000166197;
        -.000205883;
        -.000165307;
        -.000208366;
        -.000143399;
        -5.33143e-5;
        -5.26668e-5;
        -4.2596e-5;
        -5.82177e-5;
        -2.4188e-5;
        4.05325e-5;
        6.4581e-5;
        9.10947e-5;
        7.91135e-5;
        .000161136;
        .000154398;
        4.31316e-5;
        -8.59343e-5;
        -8.87922e-5;
        3.1919e-5;
        1.23067e-5;
        -.000168864;
        -5.34188e-5;
        -.000122638;
        -6.25133e-5;
        1.21439e-5;
        6.82575e-5;
        .00016711;
        .000392408;
        .000462089;
        .000163542;
        .000123315;
        .000112561;
        9.58215e-5;
        .000151882;
        7.8658e-5;
        1.70227e-5;
        5.77879e-5;
        4.54485e-5;
        8.66529e-5;
        5.92407e-5;
        .00010598;
        .000156942;
        .000253626;
        .000241815;
        .000435674;
        .000422835;
        -1.94747e-5;
        5.59848e-5;
        -8.33659e-6;
        -9.00268e-5;
        -7.91351e-5;
        -.000143864;
        .000118334;
        .000181409;
        .000301807;
        .000275321;
        .000337981;
        .000316373;
        .00026275;
        .000224364;
        .000300781;
        -6.7325e-5;
        -.000117602;
        -.000180482;
        -.000323322;
        -.000385294;
        -8.14313e-6;
        .08791;
        .0729559;
        .0558452;
        .0370832;
        .017204;
        -.00319552;
        -.023498;
        -.0431061;
        -.0614442;
        -.0780085];

h_reversedOrder_MAX_inc =  [-7.75249e-7;
        4.16685e-5;
        -6.78252e-5;
        4.90744e-5;
        5.69635e-5;
        6.60732e-6;
        .000138501;
        .000168338;
        .000215433;
        .000254838;
        .000177552;
        .000170488;
        .00021037;
        .000203577;
        .000211555;
        .000242368;
        .00027152;
        .000238728;
        .000183576;
        .000151965;
        9.92032e-5;
        .000239892;
        .000297891;
        .000254798;
        .000412996;
        .000338952;
        .000330469;
        .000214254;
        .000227778;
        .000292685;
        .000368615;
        .000400838;
        .000309836;
        .000316585;
        .000380686;
        .000347877;
        .000241672;
        .00045595;
        5.40326e-5;
        7.11208e-5;
        3.44365e-5;
        2.46568e-5;
        4.54212e-5;
        2.47945e-5;
        5.42318e-5;
        -2.42121e-6;
        -4.95091e-5;
        -4.87897e-5;
        -6.92903e-5;
        -.000116589;
        -5.4315e-5;
        -7.51394e-5;
        -.00011182;
        -6.0027e-5;
        -.000126878;
        2.19344e-6;
        1.56508e-5;
        -4.77241e-5;
        -3.3366e-5;
        -7.5754e-5;
        3.83276e-5;
        7.07558e-5;
        1.59438e-5;
        5.40439e-5;
        6.19319e-5;
        6.35456e-5;
        4.03686e-5;
        8.81506e-5;
        5.79643e-5;
        -2.4525e-5;
        -.000296314;
        9.67675e-6;
        .000104952;
        -3.49163e-6;
        5.28973e-5;
        -2.89489e-5;
        6.48837e-5;
        -2.11842e-5;
        -7.90262e-5;
        -4.64426e-5;
        -3.86423e-5;
        -4.85911e-5;
        -7.02523e-5;
        -2.25437e-5;
        -1.21658e-5;
        -9.85353e-5;
        3.11532e-5;
        -7.05212e-6;
        7.27011e-5;
        5.64926e-6;
        -8.72949e-5;
        -7.16793e-5;
        -4.80705e-5;
        -5.51642e-5;
        -7.84039e-5;
        -4.83391e-5;
        -4.45477e-6;
        9.4182e-6;
        -1.48815e-5;
        -2.49756e-5;
        6.08109e-5;
        -2.05497e-5;
        -.000371326;
        2.37863e-5;
        3.8422e-5;
        -2.45206e-5;
        -7.63525e-5;
        3.42165e-5;
        9.15477e-5;
        7.07408e-5;
        2.06782e-5;
        .000123803;
        .000134531;
        .00011956;
        8.58072e-5;
        4.27154e-5;
        -5.93445e-8;
        9.70373e-6;
        6.46859e-5;
        5.55268e-5;
        1.91005e-5;
        -4.22284e-6;
        -2.11814e-5;
        -7.90048e-5;
        -.00013107;
        -.000139061;
        -.000154881;
        -.000136755;
        -.000156653;
        -.000135251;
        -.000106533;
        -.000164671;
        -9.45661e-5;
        -1.42508e-6;
        1.66705e-5;
        -1.88877e-5;
        -.000119979;
        -7.96006e-5;
        -.000115865;
        -.000136802;
        -7.18915e-5;
        7.43488e-6;
        6.09339e-5;
        5.73973e-5;
        8.18758e-5;
        .000138336;
        7.5134e-5;
        .000110315;
        .000171077;
        .000161782;
        .000415858;
        5.9149e-6;
        4.28524e-5;
        6.2221e-5;
        4.43063e-5;
        2.87676e-5;
        2.94312e-5;
        2.69765e-5;
        6.42831e-6;
        -4.87369e-5;
        -.000103613;
        -4.5904e-7;
        5.79496e-7;
        -3.04449e-5;
        -7.54587e-5;
        -.00010319;
        .00011294;
        6.65259e-5;
        -1.61137e-5;
        -.000163448;
        -.000117459;
        -2.02753e-5;
        .000421178;
        .000663741;
        .000254027;
        .000250657;
        -2.27494e-5;
        -5.32446e-5;
        -6.56639e-5;
        1.57504e-5;
        .000113033;
        .000276845;
        .000134581;
        .000231252;
        7.14077e-5;
        -1.37469e-5;
        .000104382;
        -3.65854e-5;
        1.99805e-5;
        7.59005e-6;
        7.2602e-5;
        4.05958e-5;
        1.62344e-5;
        -.000113079;
        4.72626e-5;
        -.000127334;
        -.000149118;
        -9.5377e-5;
        .000171032;
        -.00011036;
        -4.91315e-5;
        -.000200437;
        -.000125414;
        .000226061;
        .00028058;
        9.74087e-5;
        .000511459;
        -.000300892;
        .000253594;
        -.00173215;
        -.000525825;
        -9.73995e-5;
        .000184673;
        .0002748;
        .000655623;
        .00161577;
        .00116435;
        .0010517;
        .000669018;
        -5.16023e-5;
        -.000438313;
        .000565191;
        .000575052;
        9.93299e-5;
        -.000262478;
        -.00020462;
        .000351045;
        .00079051;
        .000525437;
        -.000318657;
        -.000977068;
        -.00151762;
        8.75219e-5;
        .00143825;
        -.0010431;
        .000416997;
        .000485588;
        .00108766;
        .0016211;
        .00121532;
        -.000260884;
        -.00174689;
        -.00100868;
        -.000352653;
        .000464598;
        .00117237;
        .00121271;
        .000935748;
        .000956237;
        .000924753;
        .00075417;
        .000414336;
        -8.56573e-5;
        -.00034086;
        -.000332031;
        -.000402053;
        -.00042263;
        -.0003873;
        -.000175177;
        -9.85068e-5;
        -.000132018;
        -3.72295e-5;
        .000142987;
        .000322984;
